1 11 12
2 12 14
3 13 16
4 14 18
5 15 20
6 16 22
7 17 24
8 18 26
9 19 28
10 20 30
11 21 32
12 22 34
13 23 36
14 24 38
15 25 40
16 26 42
17 27 44
18 28 46
19 29 48
20 30 50
21 31 52
22 32 54
23 33 56
24 34 58
25 35 60
26 36 62
27 37 64
28 38 66
29 39 68
30 40 70
31 41 72
32 42 74
33 43 76
34 44 78
35 45 80
36 46 82
37 47 84
38 48 86
39 49 88
40 50 90
41 51 92
42 52 94
43 53 96
44 54 98
45 55 100
46 56 102
47 57 104
48 58 106
49 59 108
50 60 110
51 61 112
52 62 114
53 63 116
54 64 118
55 65 120
56 66 122
57 67 124
58 68 126
59 69 128
60 70 130
61 71 132
62 72 134
63 73 136
64 74 138
65 75 140
66 76 142
67 77 144
68 78 146
69 79 148
70 80 150
71 81 152
72 82 154
73 83 156
74 84 158
75 85 160
76 86 162
77 87 164
78 88 166
79 89 168
80 90 170
81 91 172
82 92 174
83 93 176
84 94 178
85 95 180
86 96 182
87 97 184
88 98 186
89 99 188
90 100 190
91 101 192
92 102 194
93 103 196
94 104 198
95 105 200
96 106 202
97 107 204
98 108 206
99 109 208
100 110 210
